51! = 1551118753287382280224243016469303211063259720016986112000000000000 = [20910, 4560, 8256, 10296, 36, 4851, 17391, 300, 136, 9870, 406, 1596, 105, 17020, 19110, 276, 10, 2080, 528, 6, 3240, 120]
52! = 80658175170943878571660636856403766975289505440883277824000000000000 = [73920, 131328, 121771, 1225, 2775, 25200, 4095, 136, 2080, 276, 59340, 32640, 1540, 496, 36, 91, 6, 861, 29403, 1128, 3]
53! = 4274883284060025564298013753389399649690343788366813724672000000000000 = [14196, 276, 780, 6216, 4560, 318801, 71253, 73920, 30135, 6, 12720, 120, 1485, 7260, 2016, 32640, 7750, 8256, 2346]
54! = 230843697339241380472092742683027581083278564571807941132288000000000000 = [496, 2080, 351, 378, 1596, 1378, 15, 406, 4465, 1225, 136, 17020, 91, 276, 8256, 561, 66, 9180, 2016, 820, 3240, 210, 36, 55, 528, 120]
55! = 12696403353658275925965100847566516959580321051449436762275840000000000000 = [6105, 528, 190, 300, 4278, 2415, 990, 630, 2926, 41328, 73920, 28, 1176, 8256, 1378, 6786, 41616, 2080, 1275, 78, 36, 1128, 3, 10, 45]
56! = 710998587804863451854045647463724949736497978881168458687447040000000000000 = [7750, 36, 12880, 115440, 4851, 14365, 26796, 8778, 4465, 66, 4950, 165600, 32640, 2016, 2080, 28, 6, 3321, 136, 1176, 3, 8256, 1431]
57! = 40526919504877216755680601905432322134980384796226602145184481280000000000000 = [270480, 6, 41616, 186966, 247456, 253, 8256, 30135, 1378, 1540, 66, 25200, 14196, 3240, 122760, 15, 28, 300, 10, 10440, 1596, 36, 4560, 3]
58! = 2350561331282878571829474910515074683828862318181142924420699914240000000000000 = [30135, 35245, 353220, 83028, 61776, 30628, 990, 528, 103740, 248160, 401856, 25200, 1176, 153, 136, 3240, 276, 8256, 10, 300, 36, 15]
59! = 138683118545689835737939019720389406345902876772687432540821294940160000000000000 = [120, 1176, 1378, 67896, 39060, 91, 12880, 2145, 4950, 70500, 8256, 33930, 105, 136, 36, 3570, 32640, 171, 2926, 406, 43956, 131328, 15576]
60! = 8320987112741390144276341183223364380754172606361245952449277696409600000000000000 = [53956, 528, 111628, 435, 195000, 136, 2080, 131328, 103740, 274170, 36, 3240, 140185, 51040, 28, 157080, 11781, 105, 23436, 120, 2016, 378, 3]
