101! = 9425947759838359420851623124482936749562312794702543768327889353416977599316221476503087861591808346911623490003549599583369706302603264000000000000000000000000 = [253, 4186, 36855405, 6310128, 95558400, 36769600, 4656, 487578, 99116160, 29980896, 7021, 780, 61776, 1540, 282043125, 88598016, 5512860, 36984300, 2421100, 20910, 523776, 300, 105, 120, 276, 59340, 45, 378, 2016, 666, 36, 130816, 21, 28, 1953, 3]
102! = 961446671503512660926865558697259548455355905059659464369444714048531715130254590603314961882364451384985595980362059157503710042865532928000000000000000000000000 = [679495680, 99468460, 42104076, 406680940, 7140, 34980, 142374375, 102753280, 194449060, 579616128, 4546620, 947376, 13022856, 85905, 313112800, 780, 52433920, 176715, 2653056, 396495, 73920, 4950, 2556, 210, 32640, 6, 21, 2016, 3, 36]
103! = 99029007164861804075467152545817733490901658221144924830052805546998766658416222832141441073883538492653516385977292093222882134415149891584000000000000000000000000 = [101475, 7290471, 8256, 120877926, 8325240, 25236960, 930930, 4276350, 10296, 1306536, 29980896, 12880, 3036880, 2162160, 102753280, 37398276, 469965, 210, 11628, 8817900, 45, 21115, 666, 630, 300, 95558400, 120, 131328, 102767616, 2016, 3240]
104! = 10299016745145627623848583864765044283053772454999072182325491776887871732475287174542709871683888003235965704141638377695179741979175588724736000000000000000000000000 = [16173828, 3449251, 340725, 8325240, 6216, 36, 11551221, 3741, 23526370, 168490, 56280, 42462720, 67896, 45158256, 2366400, 225456, 210, 19247910, 8386560, 265356, 828828, 21723936, 165600, 820, 32640, 6, 136, 3240, 120, 2016, 1176, 45, 496, 7750, 465, 10]
105! = 1081396758240290900504101305800329649720646107774902579144176636573226531909905153326984536526808240339776398934872029657993872907813436816097280000000000000000000000000 = [691343520, 12538232190, 327667200, 259566720, 3693830176, 12880, 2445626953, 408308176, 1178332785, 10440, 2956096, 738720, 131328, 7998000, 156520, 990, 73920, 6158295, 690900, 61776, 1176, 228150, 8386560, 36, 780, 161028, 105, 300, 378, 3]
106! = 114628056373470835453434738414834942870388487424139673389282723476762012382449946252660360871841673476016298287096435143747350528228224302506311680000000000000000000000000 = [4465566, 978257028, 408308176, 524345536, 51040, 1832757696, 1319500, 1921780, 14448000, 88598016, 166066200, 7556328, 2505222720, 231, 45, 4915680, 2701, 4095, 763230, 103672800, 131328, 10, 102767616, 3, 136, 1176, 153, 165600, 192510, 120, 15, 5050]
107! = 12265202031961379393517517010387338887131568154382945052653251412013535324922144249034658613287059061933743916719318560380966506520420000368175349760000000000000000000000000 = [2379913536, 2998515520, 239553216, 1164344896, 3355484160, 82940760, 326209653, 133386, 395353140, 32736186, 500500, 30728880, 413595, 1664400, 1977066, 191111025, 6193440, 32640, 523776, 131328, 15, 6, 117855, 20476800, 3240, 7750, 3, 10, 120, 36]
108! = 1324641819451828974499891837121832599810209360673358065686551152497461815091591578895743130235002378688844343005686404521144382704205360039762937774080000000000000000000000000 = [203203, 462241, 60373566, 1830, 8386560, 204480, 2598060, 28633528, 583740, 53815125, 152628, 3314025, 15576, 194376, 5754528, 2080, 770661, 595, 12298320, 81810, 1176, 3444000, 11781, 7260, 667590, 36, 2016, 131328, 4560, 32640, 210, 51360, 10, 378, 6, 120, 4656, 3, 28]
109! = 144385958320249358220488210246279753379312820313396029159834075622223337844983482099636001195615259277084033387619818092804737714758384244334160217374720000000000000000000000000 = [6417935160, 5781941880, 15590159910, 126460656, 8256, 3877678080, 13203693756, 119451696, 214358865, 253828, 1921780, 231221760, 27561600, 19062225, 103672800, 82940760, 48024900, 102767616, 8386560, 12090, 1493856, 4560, 15, 6, 3240, 300, 120, 10]
110! = 15882455415227429404253703127090772871724410234473563207581748318444567162948183030959960131517678520479243672638179990208521148623422266876757623911219200000000000000000000000000 = [194376, 461280, 2412306, 627760, 45, 96209256, 32640, 3654456, 1326, 42785875, 271216, 5918520, 97020, 98105028, 89452000, 2699326, 35245, 370230, 2541385, 204480, 1128, 4573800, 48565440, 1485, 6, 131328, 1176, 5886, 3160, 738720, 2653056, 2016, 120, 10, 36, 15, 3, 3240]
