31! = 8222838654177922817725562880000000 = [780, 528, 21945, 12880, 325, 406, 378, 10, 3240, 6, 36, 3, 496, 136]
32! = 263130836933693530167218012160000000 = [21945, 51040, 13041, 2080, 1326, 300, 120, 36, 2016, 10, 3, 496, 28, 6]
33! = 8683317618811886495518194401280000000 = [44850, 78, 2926, 136, 231, 51040, 300, 2016, 496, 36, 3240, 21, 120, 6]
34! = 295232799039604140847618609643520000000 = [11628, 7260, 51040, 300, 465, 19110, 6, 32640, 28, 2016, 78, 36, 3, 276]
35! = 10333147966386144929666651337523200000000 = [406, 253, 9180, 7140, 7260, 2080, 4560, 1176, 496, 36, 120, 300, 78, 378]
36! = 371993326789901217467999448150835200000000 = [780, 4278, 10, 190, 7260, 3240, 120, 2080, 36, 378, 3570, 28, 66, 2016, 406, 136]
37! = 13763753091226345046315979581580902400000000 = [136, 1540, 43956, 2080, 45, 26565, 32640, 10440, 30628, 120, 10, 21, 378, 28, 36, 6]
38! = 523022617466601111760007224100074291200000000 = [7260, 17020, 741, 32640, 136, 4950, 15, 2080, 3240, 1596, 6, 1176, 496, 378, 406, 3]
39! = 20397882081197443358640281739902897356800000000 = [17955, 2346, 10878, 10440, 61776, 8778, 32640, 25200, 2145, 36, 120, 2080, 496]
40! = 815915283247897734345611269596115894272000000000 = [12880, 300, 41616, 12090, 6216, 51040, 17955, 1176, 120, 10, 3240, 78, 6, 21736, 3, 528]
