41! = 33452526613163807108170062053440751665152000000000 = [5460, 6670, 73920, 41328, 378, 11935, 1485, 741, 300, 136, 32640, 115440, 131328, 3]
42! = 1405006117752879898543142606244511569936384000000000 = [820, 1176, 6105, 51040, 153, 5460, 8778, 32640, 190, 120, 378, 4278, 2016, 15, 3, 2080, 36, 78]
43! = 60415263063373835637355132068513997507264512000000000 = [32640, 131328, 3828, 1275, 23436, 4851, 45, 528, 2080, 33670, 820, 13041, 8256, 10, 91, 190]
44! = 2658271574788448768043625811014615890319638528000000000 = [861, 51040, 61776, 4560, 8256, 378, 12880, 105, 325, 45, 3003, 25200, 496, 41616, 6, 703, 528]
45! = 119622220865480194561963161495657715064383733760000000000 = [12090, 13530, 1485, 12880, 2016, 7140, 32640, 51040, 21, 703, 15400, 351, 3, 28, 10, 8256, 6, 171, 36, 78]
46! = 5502622159812088949850305428800254892961651752960000000000 = [4950, 528, 7750, 1540, 6216, 12880, 6786, 7140, 2080, 91, 4560, 171, 136, 276, 36, 21, 6, 8256, 3321, 66]
47! = 258623241511168180642964355153611979969197632389120000000000 = [300, 24531, 8256, 1081, 3003, 21528, 231, 496, 55, 2850, 4560, 378, 25200, 10440, 120, 136, 528, 28, 861, 36]
48! = 12413915592536072670862289047373375038521486354677760000000000 = [231, 51040, 24531, 561, 528, 59340, 2080, 53956, 28, 210, 21528, 300, 2016, 4560, 3240, 465, 1596, 120, 36, 6]
49! = 608281864034267560872252163321295376887552831379210240000000000 = [32640, 361675, 23436, 70876, 335790, 97020, 2080, 4560, 3, 630, 528, 946, 145530, 120, 28, 131328, 6, 276]
50! = 30414093201713378043612608166064768844377641568960512000000000000 = [52003, 28, 51040, 231, 11935, 115440, 15400, 2080, 15, 61425, 7875, 131328, 8256, 2016, 1128, 136, 6, 3321, 3, 276]
