$ python3 trifactors.py {10..30}
10! = 3628800 = [2016, 120, 15]
11! = 39916800 = [10, 528, 120, 21, 3]
12! = 479001600 = [10, 528, 45, 2016]
13! = 6227020800 = [10296, 300, 2016]
14! = 87178291200 = [8386560, 231, 45]
15! = 1307674368000 = [105, 8386560, 1485]
16! = 20922789888000 = [2080, 120, 55, 21, 36, 2016]
17! = 355687428096000 = [8386560, 157080, 3, 15, 6]
18! = 6402373705728000 = [25200, 2080, 3, 21, 6, 36, 136, 66]
19! = 121645100408832000 = [2162160, 3240, 4560, 28, 136]
20! = 2432902008176640000 = [500500, 378, 131328, 32640, 3]
21! = 51090942171709440000 = [21736, 2016, 3570, 25200, 3, 36, 120]
22! = 1124000727777607680000 = [66066, 120, 25200, 28, 32640, 36, 171]
23! = 25852016738884976640000 = [2346, 4851, 4560, 2080, 120, 10, 6, 3, 21, 528]
24! = 620448401733239439360000 = [73920, 2080, 28, 6, 7140, 1035, 528, 36, 171]
25! = 15511210043330985984000000 = [378, 4186, 6, 120, 2016, 66, 136, 300, 4560, 55, 10]
26! = 403291461126605635584000000 = [12880, 190, 528, 14196, 105, 136, 300, 3, 120, 6, 66, 36]
27! = 10888869450418352160768000000 = [25200, 2080, 66, 4560, 253, 6, 136, 351, 105, 21, 120, 36]
28! = 304888344611713860501504000000 = [32640, 36, 37950, 1540, 2016, 2080, 6, 105, 351, 171, 28]
29! = 8841761993739701954543616000000 = [33930, 5460, 153, 4560, 120, 45, 276, 2016, 1540, 28, 528]
30! = 265252859812191058636308480000000 = [2016, 210, 2080, 2346, 7260, 4560, 4095, 10440, 36, 21, 120]
