71! = 850478588567862317521167644239926010288584608120796235886430763388588680378079017697280000000000000000 = [12720, 667590, 929566, 20100, 1326, 6555, 107880, 76245, 1007490, 210276, 819840, 2016, 3240, 270480, 73920, 528, 1279200, 6216, 19110, 21, 1596, 120, 131328, 78]
72! = 61234458376886086861524070385274672740778091784697328983823014963978384987221689274204160000000000000000 = [36769600, 2492028, 5754528, 1258491, 40470, 738720, 231, 294528, 136, 19999650, 8386560, 73920, 24310, 44854656, 45, 21, 105, 14448000, 36, 171, 9180, 15, 1128, 6, 3]
73! = 4470115461512684340891257138125051110076800700282905015819080092370422104067183317016903680000000000000000 = [247456, 4335040, 1081, 1180416, 90041490, 3444000, 39006528, 990528, 6903, 406, 54596025, 5460, 19110, 3570, 8386560, 105, 1326, 28, 45, 3240, 3, 136, 496, 153, 15, 10, 36, 6]
74! = 330788544151938641225953028221253782145683251820934971170611926835411235700971565459250872320000000000000000 = [1653, 9870, 19672128, 11445720, 57164778, 111628, 16836, 55, 649230, 715806, 12145056, 24552528, 204480, 1176, 3240, 499500, 8386560, 10, 2080, 2016, 3, 300, 120, 496, 15]
75! = 24809140811395398091946477116594033660926243886570122837795894512655842677572867409443815424000000000000000000 = [1180416, 2492028, 583740, 2218671, 2701, 15400, 136, 7626, 6216, 32640, 122265, 26565, 8778, 305371, 2016, 28, 4560, 294528, 56280, 3240, 15, 475800, 7140, 120, 2080, 300, 45, 36]
76! = 1885494701666050254987932260861146558230394535379329335672487982961844043495537923117729972224000000000000000000 = [6216, 523776, 271216, 255255, 2701, 122760, 2543640, 1734453, 36, 3744216, 1721440, 73920, 185136, 46665, 25200, 1225, 294528, 1155960, 195000, 9180, 2556, 45, 120, 8256, 6, 3]
77! = 145183092028285869634070784086308284983740379224208358846781574688061991349156420080065207861248000000000000000000 = [95703, 27730, 122760, 12880, 204480, 351, 4278, 1378, 990, 15400, 2080, 224785, 145530, 115440, 8256, 185136, 52326, 247456, 630, 7140, 55, 1176, 406, 78, 153, 32640, 3, 120, 2016, 10, 820, 21, 6]
78! = 11324281178206297831457521158732046228731749579488251990048962825668835325234200766245086213177344000000000000000000 = [66795, 378, 523776, 70500, 15576, 67896, 4278, 378885, 50721, 14196, 66, 10153, 10878, 19110, 31878, 2775, 346528, 32640, 131328, 41616, 1540, 79800, 171, 8256, 2850, 2016, 120, 36, 300, 10]
79! = 894618213078297528685144171539831652069808216779571907213868063227837990693501860533361810841010176000000000000000000 = [130816, 83028, 462241, 611065, 20706, 224785, 10153, 2016, 8256, 27730, 8778, 437580, 67896, 10296, 55, 270480, 2080, 306936, 45, 3, 12720, 300, 21, 1035, 1176, 15, 6, 3240, 120, 131328, 4560, 190, 10]
80! = 71569457046263802294811533723186532165584657342365752577109445058227039255480148842668944867280814080000000000000000000 = [19999650, 2001000, 947376, 3257628, 248160, 523776, 592416, 130816, 1176, 537166, 62835, 122265, 20476800, 507528, 120, 109746, 103740, 14196, 2080, 4560, 105, 378, 3444000, 36, 6, 210]
