91! = 135200152767840296255166568759495142147586866476906677791741734597153670771559994765685283954750449427751168336768008192000000000000000000000 = [2415, 11331180, 70500, 523776, 574056, 6655776, 13439520, 6995670, 3265290, 3000025, 46392528, 32640, 97020, 4717056, 24008985, 33930, 2080, 3828, 247456, 8386560, 1101870, 210276, 2016, 105, 2850, 45, 3, 6, 36]
92! = 12438414054641307255475324325873553077577991715875414356840239582938137710983519518443046123837041347353107486982656753664000000000000000000000 = [8385, 1721440, 130816, 294528, 41905, 890445, 574056, 715806, 204480, 133386, 741, 37950, 73920, 3570, 152628, 136, 220780, 52650, 819840, 66, 1185030, 1279200, 378, 17205, 820, 1176, 120, 210, 523776, 43956, 10296, 36, 15, 6, 3]
93! = 1156772507081641574759205162306240436214753229576413535186142281213246807121467315215203289516844845303838996289387078090752000000000000000000000 = [9088716, 24447528, 34632003, 475800, 715806, 17766, 95669028, 2299440, 2080, 102767616, 7874496, 1176, 86320, 528, 40136320, 1540, 92704536, 57970, 3655, 59340, 300, 204480, 990, 10, 7260, 4950, 36, 6, 3240, 3160, 120, 3]
94! = 108736615665674308027365285256786601004186803580182872307497374434045199869417927630229109214583415458560865651202385340530688000000000000000000000 = [523776, 236215980, 28610830, 7140, 27966, 25236960, 10153, 990, 214980480, 80296128, 70430646, 780, 15918903, 860016, 36, 10693000, 186966, 368167680, 41328, 120, 130816, 1128, 630, 58996, 2016, 3240, 15, 28, 300, 7875, 10]
95! = 10329978488239059262599702099394727095397746340117372869212250571234293987594703124871765375385424468563282236864226607350415360000000000000000000000 = [9965880, 416328, 10011, 902496, 270480, 26750955, 6193440, 9180, 3793635, 2541385, 50647080, 26031720, 523776, 66, 39060, 8654880, 2016, 194376, 10440, 378885, 6903, 8386560, 7875, 28, 14448000, 25200, 6, 351, 36, 8256]
96! = 991677934870949689209571401541893801158183648651267795444376054838492222809091499987689476037000748982075094738965754305639874560000000000000000000000 = [2299440, 514605, 56684628, 28520128, 479523996, 59181760, 21783300, 53411280, 10925475, 247456, 152076, 47321856, 7874496, 130816, 3, 15, 7248528, 465, 8256, 2881200, 136, 204480, 3240, 120, 320400, 10, 300, 45, 435, 29646, 36]
97! = 96192759682482119853328425949563698712343813919172976158104477319333745612481875498805879175589072651261284189679678167647067832320000000000000000000000 = [306153, 6310128, 2926, 38032281, 178217760, 116670450, 300, 4717056, 28, 115223790, 4818960, 14365, 27561600, 523776, 39006528, 65431080, 19974360, 780, 1279200, 60769800, 819840, 120, 204480, 45, 378, 36, 3240, 2016, 21, 903]
98! = 9426890448883247745626185743057242473809693764078951663494238777294707070023223798882976159207729119823605850588608460429412647567360000000000000000000000 = [100033440, 523776, 3734856378, 911111328, 2898028, 137373600, 536130, 354432000, 141246, 1180416, 5836236, 3916, 19974360, 228150, 3998370600, 40720800, 4465, 2080, 6, 61776, 131328, 55, 29403, 2016, 1176, 15400, 120, 1225, 3, 21]
99! = 933262154439441526816992388562667004907159682643816214685929638952175999932299156089414639761565182862536979208272237582511852109168640000000000000000000000 = [248076675, 247456, 173755, 946, 46360, 304590, 595, 10296, 1880101860, 431460000, 14859426, 17331328, 261004128, 88438350, 32640, 120442960, 2415, 8386560, 5460, 401856, 1485, 131328, 378, 41328, 10, 45, 21520080, 3, 28, 36, 1176, 6, 2016]
100! = 93326215443944152681699238856266700490715968264381621468592963895217599993229915608941463976156518286253697920827223758251185210916864000000000000000000000000 = [5397255, 2914905, 838840320, 183083680, 216330400, 34399365, 220116, 14728878, 46392528, 3, 191130576, 6216, 131328, 42462720, 26565, 4560, 486591, 523776, 32640, 2634660, 378, 231, 6, 15, 15400, 3240, 55, 210, 2016, 25200, 36, 300, 263175]
