61! = 507580213877224798800856812176625227226004528988036003099405939480985600000000000000 = [2080, 25200, 2145, 68635, 185136, 7021, 4851, 120, 528, 189420, 12880, 41905, 28, 195000, 27495, 66, 496, 276, 6, 29646, 171, 36, 131328, 8256]
62! = 31469973260387937525653122354950764088012280797258232192163168247821107200000000000000 = [32640, 26565, 6105, 36, 73920, 1326, 39060, 76636, 69006, 1485, 861, 325, 306936, 131328, 51040, 23220, 4560, 6903, 46360, 2080, 1128, 120]
63! = 1982608315404440064116146708361898137544773690227268628106279599612729753600000000000000 = [73920, 306153, 6555, 1653, 523776, 198135, 990, 1770, 465, 202566, 21945, 186966, 2016, 41328, 528, 28, 29890, 10, 3, 8256, 2080, 300, 780, 120, 6, 36]
64! = 126886932185884164103433389335161480802865516174545192198801894375214704230400000000000000 = [401856, 267546, 165025, 300, 405450, 2080, 131328, 136, 21, 1128, 630, 990, 514605, 1176, 1770, 2016, 231, 496, 43956, 2926, 10, 3240, 523776, 120, 1653]
65! = 8247650592082470666723170306785496252186258551345437492922123134388955774976000000000000000 = [4851, 67896, 351, 1131760, 32640, 496, 1043290, 221445, 73920, 11935, 1176, 6786, 97020, 475800, 61776, 15, 294528, 45, 1180416, 36, 300, 276, 120, 10]
66! = 544344939077443064003729240247842752644293064388798874532860126869671081148416000000000000000 = [70125, 2850, 500500, 103740, 29890, 3240, 738720, 41616, 12720, 45, 13530, 6, 70876, 946, 523776, 26796, 1176, 36, 6216, 2016, 28, 21528, 4278, 294528]
67! = 36471110918188685288249859096605464427167635314049524593701628500267962436943872000000000000000 = [66, 2545896, 325, 1326, 4851, 445096, 228150, 346528, 359128, 131328, 13041, 15225, 523776, 1596, 545490, 10, 496, 210, 32640, 20100, 8256, 300, 630, 6, 3, 36]
68! = 2480035542436830599600990418569171581047399201355367672371710738018221445712183296000000000000000 = [306936, 248160, 6216, 181503, 630, 151525, 150975, 1540, 12880, 7021, 145530, 524800, 4278, 10, 32640, 2080, 10296, 30628, 153, 131328, 78, 12720, 36, 351, 6, 136]
69! = 171122452428141311372468338881272839092270544893520369393648040923257279754140647424000000000000000 = [3321, 51040, 446040, 21528, 237016, 2366400, 1493856, 271216, 32640, 432915, 276, 1768140, 819840, 15400, 2162160, 23436, 10, 37128, 3240, 231, 2775, 136]
70! = 11978571669969891796072783721689098736458938142546425857555362864628009582789845319680000000000000000 = [4707846, 667590, 8386560, 2278, 61776, 6193440, 10296, 1653, 16356340, 524800, 12720, 12880350, 270480, 1154440, 21, 6216, 165600, 25200, 36, 29646, 120]
