81! = 5797126020747367985879734231578109105412357244731625958745865049716390179693892056256184534249745940480000000000000000000 = [3337236, 391170, 43956, 799480, 1512930, 1319500, 2047276, 990528, 3766140, 123256, 1431, 8386560, 2016, 10296, 4560, 122760, 8923200, 3240, 8256, 79800, 266085, 131328, 300, 2415]
82! = 475364333701284174842138206989404946643813294067993328617160934076743994734899148613007131808479167119360000000000000000000 = [1563796, 5754528, 139656, 41616, 427350, 8256, 10, 167271195, 22147840, 23436, 66066, 361675, 28, 20476800, 6, 21520080, 1596, 130816, 2016, 1176, 525825, 378, 2485, 15, 120, 45, 40720800, 2080]
83! = 39455239697206586511897471180120610571436503407643446275224357528369751562996629334879591940103770870906880000000000000000000 = [123753, 8923200, 110215, 3126250, 165600, 595, 5460, 20476800, 20991960, 25244065, 1180416, 2080, 43956, 39060, 4279275, 2729616, 6216, 153, 29403, 401856, 102767616, 276, 36, 8256, 28, 136]
84! = 3314240134565353266999387579130131288000666286242049487118846032383059131291716864129885722968716753156177920000000000000000000 = [23423590, 401856, 14175150, 64020270, 22582560, 7750, 2366400, 29646, 1493856, 36769600, 13768128, 325, 19110, 70430646, 738720, 4915680, 20476800, 41616, 36, 136, 21, 2016, 131328, 3, 378]
85! = 281710411438055027694947944226061159480056634330574206405101912752560026159795933451040286452340924018275123200000000000000000000 = [220116, 61776, 1060696, 445096, 612171, 12071241, 2366400, 4148640, 496, 3451878, 1180416, 744810, 73920, 44850, 8386560, 276, 58653, 8778, 7260, 1225, 1540, 190, 2016, 6, 300, 4560, 3240, 36, 10, 3, 15, 45]
86! = 24227095383672732381765523203441259715284870552429381750838764496720162249742450276789464634901319465571660595200000000000000000000 = [1888596, 3219453, 265356, 1125750, 113050, 2346, 3654456, 131328, 156520, 130816, 121771, 122760, 1176, 220116, 362526, 165600, 225456, 7750, 10878, 210, 7260, 524800, 2016, 189420, 120, 300, 66, 36, 3, 528, 28]
87! = 2107757298379527717213600518699389595229783738061356212322972511214654115727593174080683423236414793504734471782400000000000000000000 = [140715, 566580, 152076, 1596, 778128, 936396, 8256, 10585, 574056, 76636, 49770, 609960, 1275, 120, 41041, 66, 2080, 496, 346528, 55, 528, 524800, 990, 25200, 1176, 10296, 378, 30876, 29646, 300, 3, 45, 15, 36, 248160]
88! = 185482642257398439114796845645546284380220968949399346684421580986889562184028199319100141244804501828416633516851200000000000000000000 = [828828, 38128278, 113050, 22629628, 2019045, 10440, 116886, 5483016, 136, 247456, 24552528, 133386, 131328, 20476800, 582660, 228150, 8386560, 32640, 36, 819840, 3123750, 6, 12720, 528, 15, 153, 190, 3, 3240]
89! = 16507955160908461081216919262453619309839666236496541854913520707833171034378509739399912570787600662729080382999756800000000000000000000 = [5460, 3873936, 523776, 1070916, 189420, 780, 1758750, 2646150, 319600, 4276350, 828828, 61776, 43956, 2366400, 1014600, 32640, 105, 123256, 21, 3793635, 2016, 3, 131328, 3321, 8256, 10878, 3486, 12561, 6, 130816]
90! = 1485715964481761497309522733620825737885569961284688766942216863704985393094065876545992131370884059645617234469978112000000000000000000000 = [21102256, 6216, 3828, 524800, 52326, 3873936, 13768128, 157080, 1768140, 115440, 475800, 19974360, 1225, 523776, 15, 14111328, 8759205, 4528545, 1596, 8386560, 210, 36, 45, 351, 204480, 2080, 6, 171, 1275, 153, 9045]
